101
0.000000 5.184639
0.010000 5.173410
0.020000 5.139975
0.030000 5.085086
0.040000 5.009975
0.050000 2.096699
0.060000 1.986620
0.070000 1.862581
0.080000 1.727368
0.090000 1.584017
0.100000 1.435747
0.110000 1.444131
0.120000 1.592212
0.130000 1.735191
0.140000 3.498282
0.150000 3.621609
0.160000 3.730829
0.170000 3.823489
0.180000 3.897508
0.190000 3.951223
0.200000 3.983428
0.210000 3.993400
0.220000 3.980915
0.230000 3.946254
0.240000 3.890194
0.250000 3.813995
0.260000 3.719368
0.270000 3.608438
0.280000 3.483696
0.290000 3.347945
0.300000 3.204231
0.310000 3.055784
0.320000 3.080934
0.330000 3.228817
0.340000 3.371413
0.350000 3.505521
0.360000 1.522294
0.370000 1.630648
0.380000 1.722314
0.390000 1.795235
0.400000 1.847772
0.410000 1.878745
0.420000 1.887460
0.430000 1.873720
0.440000 1.837834
0.450000 1.780608
0.460000 1.703327
0.470000 1.607726
0.480000 1.495953
0.490000 1.370517
0.500000 1.234237
0.510000 1.090172
0.520000 0.941557
0.530000 0.983472
0.540000 1.131146
0.550000 1.273349
0.560000 1.406890
0.570000 1.528769
0.580000 1.636248
0.590000 1.726915
0.600000 1.798732
0.610000 1.850087
0.620000 1.879827
0.630000 1.887283
0.640000 1.872289
0.650000 1.835181
0.660000 1.776793
0.670000 1.698435
0.680000 1.601867
0.690000 1.489259
0.700000 5.211736
0.710000 5.074936
0.720000 4.930529
0.730000 4.781758
0.740000 4.840435
0.750000 4.987889
0.760000 5.129690
0.770000 5.262654
0.780000 5.383795
0.790000 5.490393
0.800000 5.580053
0.810000 5.650762
0.820000 5.700932
0.830000 5.729436
0.840000 5.735634
0.850000 5.719387
0.860000 5.681059
0.870000 5.621512
0.880000 5.542083
0.890000 5.444556
0.900000 5.331120
0.910000 5.204323
0.920000 5.067014
0.930000 4.922275
0.940000 4.773358
0.950000 4.848793
0.960000 4.996017
0.970000 5.137405
0.980000 5.269784
0.990000 5.390179
1.000000 5.495887
