101
0.000000 5.184639 1.000000 5.184639
0.010000 5.173410 1.000000 5.173410
0.020000 5.139975 1.000000 5.139975
0.030000 5.085086 1.000000 5.085086
0.040000 5.009975 1.000000 5.009975
0.050000 2.096699 0.423560 4.950176
0.060000 1.986620 0.406230 4.890378
0.070000 1.862581 0.385581 4.830579
0.080000 1.727368 0.362072 4.770781
0.090000 1.584017 0.336239 4.710982
0.100000 1.435747 0.308684 4.651184
0.110000 1.444131 0.314531 4.591385
0.120000 1.592212 0.351359 4.531587
0.130000 1.735191 0.388031 4.471788
0.140000 3.498282 0.792903 4.411990
0.150000 3.621609 0.832135 4.352191
0.160000 3.730829 0.869172 4.292393
0.170000 3.823489 0.903344 4.232594
0.180000 3.897508 0.934028 4.172796
0.190000 3.951223 0.960668 4.112997
0.200000 3.983428 0.982786 4.053199
0.210000 3.993400 1.000000 3.993400
0.220000 3.980915 1.000000 3.980915
0.230000 3.946254 1.000000 3.946254
0.240000 3.890194 1.000000 3.890194
0.250000 3.813995 0.989306 3.855224
0.260000 3.719368 0.973592 3.820253
0.270000 3.608438 0.953281 3.785283
0.280000 3.483696 0.928908 3.750313
0.290000 3.347945 0.901113 3.715343
0.300000 3.204231 0.870627 3.680372
0.310000 3.055784 0.838257 3.645402
0.320000 3.080934 0.853342 3.610432
0.330000 3.228817 0.903049 3.575462
0.340000 3.371413 0.952244 3.540491
0.350000 3.505521 1.000000 3.505521
0.360000 1.522294 0.464912 3.274369
0.370000 1.630648 0.535830 3.043218
0.380000 1.722314 0.612473 2.812066
0.390000 1.795235 0.695581 2.580915
0.400000 1.847772 0.786365 2.349763
0.410000 1.878745 0.886781 2.118612
0.420000 1.887460 1.000000 1.887460
0.430000 1.873720 0.992725 1.887452
0.440000 1.837834 0.973716 1.887443
0.450000 1.780608 0.943401 1.887435
0.460000 1.703327 0.902460 1.887426
0.470000 1.607726 0.851812 1.887418
0.480000 1.495953 0.792596 1.887409
0.490000 1.370517 0.726140 1.887401
0.500000 1.234237 0.653938 1.887393
0.510000 1.090172 0.577610 1.887384
0.520000 0.941557 0.498871 1.887376
0.530000 0.983472 0.521081 1.887367
0.540000 1.131146 0.599327 1.887359
0.550000 1.273349 0.674675 1.887350
0.560000 1.406890 0.745435 1.887342
0.570000 1.528769 0.810015 1.887334
0.580000 1.636248 0.866967 1.887325
0.590000 1.726915 0.915011 1.887317
0.600000 1.798732 0.953067 1.887308
0.610000 1.850087 0.980282 1.887300
0.620000 1.879827 0.996045 1.887291
0.630000 1.887283 1.000000 1.887283
0.640000 1.872289 0.792602 2.362205
0.650000 1.835181 0.646845 2.837127
0.660000 1.776793 0.536463 3.312049
0.670000 1.698435 0.448494 3.786970
0.680000 1.601867 0.375858 4.261892
0.690000 1.489259 0.314401 4.736814
0.700000 5.211736 1.000000 5.211736
0.710000 5.074936 0.966351 5.251647
0.720000 4.930529 0.931772 5.291559
0.730000 4.781758 0.896893 5.331470
0.740000 4.840435 0.901153 5.371382
0.750000 4.987889 0.921755 5.411293
0.760000 5.129690 0.941020 5.451205
0.770000 5.262654 0.958394 5.491116
0.780000 5.383795 0.973381 5.531028
0.790000 5.490393 0.985542 5.570939
0.800000 5.580053 0.994511 5.610851
0.810000 5.650762 1.000000 5.650762
0.820000 5.700932 1.000000 5.700932
0.830000 5.729436 1.000000 5.729436
0.840000 5.735634 1.000000 5.735634
0.850000 5.719387 0.999779 5.720650
0.860000 5.681059 0.995687 5.705666
0.870000 5.621512 0.987845 5.690681
0.880000 5.542083 0.976459 5.675697
0.890000 5.444556 0.961815 5.660713
0.900000 5.331120 0.944275 5.645729
0.910000 5.204323 0.924269 5.630745
0.920000 5.067014 0.902285 5.615760
0.930000 4.922275 0.878856 5.600776
0.940000 4.773358 0.854553 5.585792
0.950000 4.848793 0.870393 5.570808
0.960000 4.996017 0.899240 5.555824
0.970000 5.137405 0.927189 5.540840
0.980000 5.269784 0.953659 5.525855
0.990000 5.390179 0.978099 5.510871
1.000000 5.495887 1.000000 5.495887
